147323024
147323408
147323464
147323520
147323576
147323632
147323688
147323744
147323800
147323856
147323912
147323968
147324024
147324080
147324136
147324192
147324248
147324304
147324360
147324416
147324472
147324528
147324584
147324640
147324696
147324752
147324808
147324864
147324920
147324976
147325032
147325088
147325144
147325200
147325256
147325312
147325368
147325424
147325480
147325536
147325592
147325648
147325704
147325760
147325816
147325872
147325928
147325984
147326040
147326096
147326152
147326208
147326264
147326320
147326376
147326432
147326488
147326544
147326600
147326656
147326712
147326768
147326824
147326880
147326936
147326992
147327048
147327104
147327160
147327216
147327272
147327328
147327384
147327440
147327496
147327552
147327608
147327664
147327720
147327776
147327832
147327888
147327944
147328000
147328056
147328112
147328168
147328224
147328280
147328336
147328392
147328448
147328504
147328560
147328616
147328672
147328728
147328784
147328840
147328896
147328952
